%YAML:1.0
aruco_bc_nmarkers: 30
aruco_bc_mInfoType: 0
aruco_bc_markers:
   - { id:428, corners:[ [ -580., -700., 0. ], [ -380., -700., 0. ], [
       -380., -500., 0. ], [ -580., -500., 0. ] ] }
   - { id:918, corners:[ [ -340., -700., 0. ], [ -140., -700., 0. ], [
       -140., -500., 0. ], [ -340., -500., 0. ] ] }
   - { id:933, corners:[ [ -100., -700., 0. ], [ 100., -700., 0. ], [
       100., -500., 0. ], [ -100., -500., 0. ] ] }
   - { id:724, corners:[ [ 140., -700., 0. ], [ 340., -700., 0. ], [
       340., -500., 0. ], [ 140., -500., 0. ] ] }
   - { id:517, corners:[ [ 380., -700., 0. ], [ 580., -700., 0. ], [
       580., -500., 0. ], [ 380., -500., 0. ] ] }
   - { id:372, corners:[ [ -580., -460., 0. ], [ -380., -460., 0. ], [
       -380., -260., 0. ], [ -580., -260., 0. ] ] }
   - { id:421, corners:[ [ -340., -460., 0. ], [ -140., -460., 0. ], [
       -140., -260., 0. ], [ -340., -260., 0. ] ] }
   - { id:925, corners:[ [ -100., -460., 0. ], [ 100., -460., 0. ], [
       100., -260., 0. ], [ -100., -260., 0. ] ] }
   - { id:300, corners:[ [ 140., -460., 0. ], [ 340., -460., 0. ], [
       340., -260., 0. ], [ 140., -260., 0. ] ] }
   - { id:618, corners:[ [ 380., -460., 0. ], [ 580., -460., 0. ], [
       580., -260., 0. ], [ 380., -260., 0. ] ] }
   - { id:587, corners:[ [ -580., -220., 0. ], [ -380., -220., 0. ], [
       -380., -20., 0. ], [ -580., -20., 0. ] ] }
   - { id:257, corners:[ [ -340., -220., 0. ], [ -140., -220., 0. ], [
       -140., -20., 0. ], [ -340., -20., 0. ] ] }
   - { id:838, corners:[ [ -100., -220., 0. ], [ 100., -220., 0. ], [
       100., -20., 0. ], [ -100., -20., 0. ] ] }
   - { id:16, corners:[ [ 140., -220., 0. ], [ 340., -220., 0. ], [ 340.,
       -20., 0. ], [ 140., -20., 0. ] ] }
   - { id:1, corners:[ [ 380., -220., 0. ], [ 580., -220., 0. ], [ 580.,
       -20., 0. ], [ 380., -20., 0. ] ] }
   - { id:323, corners:[ [ -580., 20., 0. ], [ -380., 20., 0. ], [ -380.,
       220., 0. ], [ -580., 220., 0. ] ] }
   - { id:818, corners:[ [ -340., 20., 0. ], [ -140., 20., 0. ], [ -140.,
       220., 0. ], [ -340., 220., 0. ] ] }
   - { id:861, corners:[ [ -100., 20., 0. ], [ 100., 20., 0. ], [ 100.,
       220., 0. ], [ -100., 220., 0. ] ] }
   - { id:291, corners:[ [ 140., 20., 0. ], [ 340., 20., 0. ], [ 340.,
       220., 0. ], [ 140., 220., 0. ] ] }
   - { id:398, corners:[ [ 380., 20., 0. ], [ 580., 20., 0. ], [ 580.,
       220., 0. ], [ 380., 220., 0. ] ] }
   - { id:784, corners:[ [ -580., 260., 0. ], [ -380., 260., 0. ], [
       -380., 460., 0. ], [ -580., 460., 0. ] ] }
   - { id:85, corners:[ [ -340., 260., 0. ], [ -140., 260., 0. ], [
       -140., 460., 0. ], [ -340., 460., 0. ] ] }
   - { id:442, corners:[ [ -100., 260., 0. ], [ 100., 260., 0. ], [ 100.,
       460., 0. ], [ -100., 460., 0. ] ] }
   - { id:807, corners:[ [ 140., 260., 0. ], [ 340., 260., 0. ], [ 340.,
       460., 0. ], [ 140., 460., 0. ] ] }
   - { id:144, corners:[ [ 380., 260., 0. ], [ 580., 260., 0. ], [ 580.,
       460., 0. ], [ 380., 460., 0. ] ] }
   - { id:473, corners:[ [ -580., 500., 0. ], [ -380., 500., 0. ], [
       -380., 700., 0. ], [ -580., 700., 0. ] ] }
   - { id:124, corners:[ [ -340., 500., 0. ], [ -140., 500., 0. ], [
       -140., 700., 0. ], [ -340., 700., 0. ] ] }
   - { id:174, corners:[ [ -100., 500., 0. ], [ 100., 500., 0. ], [ 100.,
       700., 0. ], [ -100., 700., 0. ] ] }
   - { id:548, corners:[ [ 140., 500., 0. ], [ 340., 500., 0. ], [ 340.,
       700., 0. ], [ 140., 700., 0. ] ] }
   - { id:605, corners:[ [ 380., 500., 0. ], [ 580., 500., 0. ], [ 580.,
       700., 0. ], [ 380., 700., 0. ] ] }
